0
1
2
3
4
5
11
19
23
27
32
34
43
256
257
260
261
262
267
523
539
1024
1025
1027
1028
1029
1035
1280
1281
1284
1285
1291
2048
2049
2051
2067
2570
2571
2587
2816
2817
2820
2821
2827
2828
2830
2831
3072
3332
3595
3855
6144
6147
6400
6682
6683
6912
6924
6927
6939
6942
6943
7707
7967
12288
15104
15360
65555
65563
65815
65819
66075
67099
67603
68123
131072
131074
131091
131104
131105
131106
131611
131627
268288
268291
268548
269056
269060
269068
269069
269071
334362
334363
334619
334622
334623
335387
335647
786432
789504
792576
793356
798720
799744
801548
801792
1048576
1048578
1048579
1048587
1049099
1050624
1050627
1051146
1051147
1051392
1051403
1051404
1051406
1051407
1051648
1052171
1052431
1114129
1114131
1114139
1114651
1116177
1116179
1116699
1245184
1245186
1245203
1245216
1245218
1245232
1245233
1245235
1247232
1247251
1247280
1247281
1247283
1315840
1315843
1316864
1316867
1317632
1317644
1317647
1381653
1381654
1381655
1381659
1381915
1382677
1382679
1382938
1382939
1383189
1383195
1383197
1383198
1383199
1383701
1383963
1384223
1513216
1513239
1513259
1513276
1513277
1513279
1514240
1514263
1514300
1514301
1514303
1572864
1572867
1575936
1579008
1579011
1581056
1581059
1582080
1582083
1583104
1583107
1585152
1588224
1638425
1638427
1644825
1644827
1647129
1647131
1648153
1648155
1649177
1649179
1653529
1703936
1710618
1710619
1711903
1712160
1713445
1714730
1714731
1769472
1769499
1769520
1769523
1769529
1769531
1776384
1776411
1776444
1776447
1777664
1777696
1777712
1777714
1777715
1778203
1778233
1778235
1779456
1779516
1779519
1779712
1779760
1779763
1780251
1780266
1780281
1780282
1780283
1780480
1780523
1780540
1780542
1780543
1780784
1781046
1781307
1781567
1781808
1784635
1785663
2031616
2038298
2038559
2039583
2043952
2045237
2046783
2047807
2097152
2097154
2097155
2097171
2097184
2097186
2163227
2228224
2228226
2228243
2228256
2228258
2365440
2365443
2431514
2431515
2496806
2562816
2562876
2562879
2631680
2631683
2697755
2763291
2763305
2763306
2763307
2829056
2829079
2829099
2829116
2829118
2829119
2895872
2962971
3029806
3096383
3145728
3147776
3148800
3151872
3158016
3161088
3211283
3213331
3276832
3342387
3344435
3414796
3480351
3481375
3545901
3611455
3735579
3744283
3746331
3811882
3866683
3873083
3875387
3877435
3878459
3881787
3932160
3935232
3938304
3944448
3947520
4013335
4079147
4135743
4142911
4143935
4144959
50529027
50529111
50529195
50529276
50529279
50530051
50530135
50530300
50530303
50531075
50531159
50531324
50531327
50535171
50535420
50535423
50797315
50797564
50797567
51577603
51577771
51577852
51577855
51579651
51579900
51579903
51844867
51845116
51845119
51845891
51846140
51846143
52101891
52102140
52102143
52108035
52108284
52108287
52110083
52110332
52110335
52111107
52111356
52111359
52112131
52112380
52112383
52626179
52626347
52626428
52626431
52894467
52894716
52894719
53160707
53160956
53160959
134744072
134744073
134744075
134744091
134764808
134764809
134764811
134783496
134783497
134783499
134783515
134785544
134785545
134785547
134785563
134806280
134809627
134849051
134851099
135792648
135792651
135832072
135832075
135834120
135834123
135854856
135858201
135858203
135897625
135897627
135899673
135899675
135989256
135989275
135989304
135989305
135989307
136028680
136028699
136028728
136028729
136028731
136030728
136030747
136030776
136030777
136030779
137889800
137929224
137931272
137952008
137955355
137994779
137996827
138086459
138125883
138127931
168430090
168430091
168430107
168431375
168450650
168450651
168451935
168468640
168468641
168471210
168471211
169478666
169478667
169479951
169517216
169519786
169519787
169544202
169544219
169582752
169582768
169582769
169585322
169585338
169585339
185273099
185273179
185273343
185293579
185293659
185293823
185312255
185313803
185313883
185313962
185314040
185314042
185314043
185314219
185314302
185314303
185314546
185315067
185315327
185334779
185335807
186321675
186321919
186360831
186362379
186362538
186362616
186362618
186362619
186362795
186362878
186362879
186363122
186363643
186363903
186383355
186384383
252643850
252644111
252645135
252648207
252664410
252664671
252665695
252702960
252703984
252705791
252706815
253431567
253434639
253485296
253486320
253488127
253489151
253489392
253493247
253692426
253692687
253693711
253751536
253754367
253755391
269488144
269488146
269488147
269488155
269488667
269490192
269490195
269490714
269490715
269490960
269490971
269490972
269490974
269490975
269491216
269491739
269491999
272961552
272961554
272961555
272961563
272962075
272963600
272963603
272964122
272964123
272964368
272964379
272964380
272964382
272964383
272964624
272965147
272965407
274010128
274010130
274010131
274010139
274010651
274012176
274012179
274012698
274012699
274012944
274012955
274012956
274012958
274012959
274013200
274013723
274013983
278532112
278532114
278532115
283054096
283056144
283057168
286331153
286331155
286331163
286333201
286333203
286333713
286333723
288559411
288561459
289673540
289673542
289675588
289676100
289676108
289676110
290787669
290787671
290789717
290789719
290790229
290790237
290790239
295244185
295244187
297472443
320017171
320017307
320017407
320019219
320019455
323425279
323427327
324342547
324342613
324342683
324342748
324342749
324342751
324344595
324344661
324344796
324344797
324344799
324473687
324473853
324473855
324475735
324475901
324475903
326374349
326376397
326439903
326441951
326571007
326573055
328930067
328930203
328930303
333386719
333388767
335483903
335485951
336860180
336860183
336860187
336861204
336861207
336861972
336861979
338176020
338176023
339820820
339820823
339820827
339821083
339823892
339824155
341136660
341136663
341136667
341136923
341137684
341137687
341137947
349689620
349690644
351005460
353703189
353703190
353703191
353703195
353703451
353704213
353704215
353704474
353704475
353704725
353704731
353704733
353704734
353704735
353705237
353705499
353705759
355084841
355084842
355084843
356464447
356465471
356466495
356532288
357913941
357913942
357913943
357913947
357914203
357914965
357914967
357915226
357915227
357915477
357915483
357915485
357915486
357915487
357915989
357916251
357916511
387389207
387389227
387389439
387390231
387390463
388705047
388705067
388705279
390284287
391468311
391468373
391468374
391468437
391468438
391468500
391468501
391468503
391469335
391469397
391469524
391469525
391469527
391599959
391600043
391600125
391600127
391600983
391601149
391601151
394034369
394100183
394231807
400021463
400022487
401337303
402653183
404232216
404232219
404269592
404269595
404282136
407480856
407480859
408229912
408229915
408245528
408245531
408261144
408261147
408262168
408262171
408263192
408263195
408279832
408508696
408508699
408528408
408528411
408529432
408529435
409044504
409044507
409311768
409311771
409578008
409578011
412785176
412785179
413837848
413837851
417011736
417049112
417061656
421075225
421075227
421083929
421112345
421112347
423303483
423312187
423340603
424192584
425007445
425007447
425022805
425022807
425024853
425038165
425038167
425039189
425039191
425040213
425040215
425055573
425057621
425285977
425285979
425305689
425305691
425306713
425306715
425327449
425886818
426154342
426420842
429496729
429496731
430615210
431724987
437918234
437918235
437919519
437955242
437955243
438245914
438247199
441100970
441100971
441784858
441784859
441786143
441800021
441815184
441816469
441817754
441817755
442128986
442128987
442130271
442148261
442149546
442149547
442533253
442866330
442866331
443198122
443198123
446339738
446339739
447392426
447392427
448441002
450861722
451586730
452635306
454761243
454761471
454797851
454797994
454798074
454798075
454798251
454798334
454798335
454799099
454799359
454799793
454802363
454812900
454814699
454818811
454819839
457943722
457943802
457943803
457943979
457944062
457944063
457944827
457945087
457964539
457965567
458103630
458116635
458142180
458142945
458144750
458145515
458562331
458562389
458562525
458562527
458577179
458577237
458577365
458577367
458577368
458577371
458593109
458593245
458593247
458593621
458593685
458593749
458593750
458593751
458593819
458594008
458594011
458594645
458594773
458594775
458594843
458594970
458595032
458595034
458595035
458595157
458595227
458595293
458595294
458595295
458595538
458595797
458596059
458596319
458610133
458611675
458612703
458693463
458693629
458693631
458708823
458708989
458708991
458724183
458724349
458724351
458725207
458725373
458725375
458726231
458726397
458726399
458840347
458840409
458840536
458840537
458840539
458860059
458860121
458860248
458860249
458860251
458861083
458861145
458861272
458861273
458861275
458906139
458906202
458925477
458925540
458925541
458926762
458926826
458926827
458971995
458972159
458991615
458992219
458992298
458992377
458992378
458992379
458992555
458992638
458992639
458993142
458993403
458993663
459013115
459014143
459217759
459235167
459256309
459257333
459258879
459259903
459273717
459276287
459507711
459643419
459643546
459643608
459643610
459643611
459708774
459708900
459708902
459774975
459909659
459909848
459909851
459975274
459975338
459975401
459975402
459975403
460041131
460041214
460041215
460108230
460175067
460241902
460308479
460492260
460659679
460690399
460692447
460693471
460709855
460757997
460790783
460821503
460823551
460892873
460958427
461023978
461089531
461090555
461110267
461209047
461222359
461225431
461291243
461340671
461355007
461356031
461357055
461373439
463051035
463051161
463116827
463116954
463117016
463117018
463117019
463182747
463182847
464169499
464169642
464169688
464169691
464169706
464169707
464235435
464235518
464235519
464630043
465288123
465485547
465551359
467082199
467130327
467380955
467393499
467606495
467637215
467639263
467640287
467656671
467934180
468364010
468446187
468630510
469478139
469479163
469498875
469703679
469734399
469736447
469744639
469745663
469762047
521804314
521805599
522131994
522132255
522133279
522189823
522190847
525335551
525336575
525670938
525671199
525672223
525686101
525717712
525718997
525720543
525721567
526342746
526343007
526344031
526382581
526384127
526385151
527484357
527817695
527818719
528481279
528482303
530243551
531628031
532676607
534764511
534765535
535822335
536869887
536870911
672404520
672404523
672671784
672671787
672868379
672868392
673720347
673720360
673720363
679576091
679641627
679641640
679641643
681159195
681224744
681224747
682207771
682273307
682273320
682273323
682721819
682787368
685233960
685501224
686549800
706024725
706024726
706024727
706292249
706292251
706357802
706357803
706423323
706423338
706423353
706423354
706423355
706690879
707340827
707406363
707406377
707406378
707406379
707739455
708389403
708454954
708520507
708788031
713064576
714713753
714713755
714779306
714779307
714844827
714844842
714844857
714844858
714844859
715762331
715827867
715827881
715827882
715827883
716810907
716876458
716942011
722933527
722933547
722933759
723200811
723201023
724249367
724249387
724249599
730039295
731556395
731556522
731556584
731556586
731556587
731622315
731622398
731622399
732604971
732605033
732605034
732605097
732605098
732605160
732605162
732605163
732670807
732670891
732670974
732670975
733789378
733921003
733986815
735565803
735833067
736881643
738197503
856765201
856767249
856896307
856898355
857414451
857420595
858987315
858993459
858995507
865678233
865809339
867906491
868490188
869014476
869020620
869022668
869735423
870265855
870267903
870587340
871117772
871832575
872356863
872363007
872365055
991500569
991509273
991537689
991640379
991668795
993728827
993737531
993765947
999930777
1000061883
1001040554
1002159035
1003006664
1004251899
1004252923
1004272635
1004485631
1004516351
1004518399
1004519423
1004535807
1004702946
1005234922
1005501422
1006328315
1006349051
1006350075
1006369787
1006582783
1006598143
1006600191
1006613503
1006615551
1006616575
1006630911
1006632959
1058346261
1058347285
1058348309
1058477887
1058478911
1058679338
1058741055
1058744127
1058745151
1058746175
1058750271
1059011391
1059012415
1059527487
1059727914
1059793727
1060060991
1060576063
1060776490
1061100351
1061107519
1061108543
1061109567
1069596864
1071110143
1071111167
1071373311
1071376383
1071377407
1071378431
1071382527
1071643647
1071644671
1072159743
1072425983
1072693247
1073208319
1073732607
1073739775
1073740799
1073741823
1075123477
1075123478
1075123479
1075123483
1075123739
1075124501
1075124503
1075124762
1075124763
1075125013
1075125019
1075125021
1075125022
1075125023
1075125525
1075125787
1075126047
1091834945
1091834946
1091835969
1091836737
1091836749
1091836750
1125586943
1125587967
1141982225
1141982227
1141982235
1141982747
1141984273
1141984795
1158694213
1192445951
1209641497
1209641499
1226353225
1243261610
1243261611
1260104362
1260104442
1260104443
1260104619
1260104702
1260104703
1260105467
1260105727
1260125179
1260126207
1310399310
1310412315
1310450100
1310450865
1310452670
1310453435
1327496191
1327497215
1347754522
1347754523
1347754779
1347754782
1347754783
1347755547
1347755807
1364531281
1364531541
1364531543
1364532049
1364532053
1364532060
1364532061
1364532063
1398217559
1398217725
1398217727
1414877723
1414878227
1414878235
1414878487
1414878491
1414878747
1414879511
1414879771
1431640149
1431640405
1431640407
1431640602
1431640603
1431640859
1431640862
1431640863
1431640917
1431640925
1431640927
1431641627
1431641887
1431654480
1431654481
1431654484
1431654485
1431654491
1431654736
1431654737
1431654740
1431654741
1431654743
1431654747
1431655504
1431655505
1431655506
1431655508
1431655509
1431655515
1431655699
1431655703
1431655707
1431655760
1431655761
1431655764
1431655765
1431655766
1431655767
1431655771
1431655829
1431655830
1431655835
1431655963
1431656027
1431656727
1431656788
1431656789
1431656791
1431656987
1431657050
1431657051
1431657296
1431657297
1431657300
1431657301
1431657307
1431657309
1431657310
1431657311
1431657553
1431657813
1431658075
1431658335
1431688533
1431690069
1431690581
1448432919
1448432981
1448432982
1448433044
1448433045
1448433046
1448433179
1448433307
1465326423
1465326589
1465326591
1465340675
1465340759
1465340925
1465340927
1465341699
1465341783
1465341867
1465341949
1465341951
1465342723
1465342807
1465342973
1465342975
1482250523
1482270235
1482271259
1499007064
1499007065
1499007067
1499027739
1499027800
1499027801
1499027803
1499047451
1499047512
1499047513
1499047515
1499048475
1499048536
1499048537
1499048539
1499069273
1515850250
1515850251
1515851535
1515870747
1515870810
1515870811
1515872095
1515890084
1515890085
1515891370
1515891371
1532693259
1532693339
1532693503
1532713739
1532713819
1532713983
1532733439
1532733963
1532734043
1532734122
1532734201
1532734202
1532734203
1532734379
1532734462
1532734463
1532734966
1532735227
1532735487
1532754939
1532755967
1565858133
1565858653
1565873493
1565875541
1565905237
1565906261
1565907805
1565908309
1600064010
1600064271
1600065295
1600068447
1600084570
1600084831
1600085855
1600123381
1600124405
1600125951
1600126975
1619335706
1619335707
1636178017
1652824452
1669798911
1687774747
1704617317
1721329179
1721329305
1721329307
1738237951
1755949595
1772792363
1772792425
1772792426
1772792489
1772792490
1789569579
1789569641
1789569642
1789569705
1789569706
1789569707
1806412631
1806412715
1806412798
1806412799
1823589915
1840700269
1857810107
1874853887
1891965727
1891966751
1909922685
1927551885
1945574399
1959621651
1977578869
1995273883
2013215743
2013231103
2013233151
2013263871
2013265919
2026482203
2044439161
2062199466
2080070139
2080090875
2080091899
2080111611
2093072663
2111249277
2111297405
2111298429
2129390526
2147433471
2147448831
2147450879
2147481599
2147482623
2147483647
2149132825
2149132827
2149198378
2149198379
2149263899
2149263914
2149263929
2149263930
2149263931
2150181403
2150246939
2150246953
2150246954
2150246955
2151229979
2151295530
2151361083
2182621314
2182817922
2182817969
2182817970
2183669889
2183669890
2199596031
2200644607
2216256025
2216256027
2233098336
2249744774
2266719231
2283383321
2283383323
2283514395
2283514425
2283514427
2285480475
2285611579
2316872330
2317003434
2317003435
2317068938
2317068970
2317068984
2317068986
2317068987
2333846443
2333846526
2333846527
2350637627
2352734779
2367415410
2384194494
2400972799
2421496346
2421496347
2438273365
2438273367
2455050386
2471828309
2471828445
2471828447
2471959383
2471959549
2471959551
2473925599
2474056703
2480872415
2482969599
2488620571
2505397527
2505397589
2505397590
2505397591
2505397653
2505397654
2522174743
2522174805
2522174806
2522174869
2522174870
2539083607
2539083691
2539083773
2539083775
2555746843
2556795419
2560268827
2568067345
2568067347
2570295603
2572523861
2572523863
2573637988
2573637990
2576980251
2576980377
2576980379
2579208635
2584779416
2584779418
2584779419
2589301275
2589301400
2589301402
2589301403
2590349851
2590349976
2590349978
2590349979
2593823259
2593823384
2593823386
2593823387
2598345370
2601753363
2601753499
2601753599
2606078739
2606078805
2606078875
2606078941
2606078942
2606078943
2606209879
2606210045
2606210047
2607258623
2608176095
2608241645
2608307199
2610666259
2610666395
2610666495
2615122911
2617220095
2622870043
2639648085
2656426910
2673205215
2675302367
2677727199
2682249183
2694842890
2694842891
2694842907
2694908443
2695891466
2695957019
2728528034
2745371647
2762299931
2779077147
2779077210
2779077211
2795919782
2812763135
2827594267
2828642843
2828708395
2829625867
2829625883
2829691419
2829756955
2829756971
2846468635
2846468699
2846534187
2846534248
2846534249
2846534250
2846534313
2846534314
2853743274
2853808665
2853808667
2853874346
2853874347
2853939739
2853939769
2853939771
2853939882
2853939898
2853939899
2855905819
2856036923
2861083272
2861083274
2861083291
2861083304
2861083306
2861214344
2861214346
2861214363
2861214376
2861214378
2861214379
2862197275
2862197401
2862197403
2862262827
2862262952
2862262954
2862262955
2862328456
2862328458
2862328475
2862328488
2862328490
2862328505
2862328506
2862328507
2863180424
2863180425
2863180426
2863180443
2863180456
2863180458
2863245851
2863245979
2863311371
2863311387
2863311403
2863311451
2863311465
2863311466
2863311496
2863311498
2863311515
2863311528
2863311529
2863311530
2863311531
2864229002
2864294555
2864360106
2864425659
2866522794
2867505834
2868554410
2870717355
2870717438
2870717439
2878057219
2878057387
2878057470
2878057471
2879105795
2879105963
2879106046
2879106047
2880154371
2880154455
2880154539
2880154622
2880154623
2897015307
2913859163
2930703278
2938109951
2947547135
2948595711
2951741439
2952790015
2971343793
2981174043
2982550380
2983664509
2984516430
2985630559
3017751551
3019848703
3034664475
3052756831
3067833782
3086974975
3122309802
3122375354
3131746986
3132795562
3133844138
3134958266
3135941290
3136989866
3138501393
3138632499
3139156923
3140729651
3147414425
3147545531
3149642683
3150887918
3152002047
3152985070
3154099199
3166880299
3185039229
3189500862
3202083774
3203132350
3206545407
3215982591
3217031167
3219128319
3220176895
3221225471
3222738751
3222739775
3223001919
3223004991
3223006015
3223007039
3223011135
3223272255
3223273279
3223788351
3224054591
3224321855
3224836927
3225361215
3225368383
3225369407
3225370431
3239516028
3239517052
3256560572
3257609148
3273070591
3273071615
3273333759
3273336831
3273337855
3274120191
3274386431
3307171952
3323686065
3357256251
3359353403
3374033528
3390810810
3407588091
3407589115
3407608827
3423849523
3424373811
3424379955
3424382003
3425944627
3425946675
3440627060
3457937083
3474182143
3474706431
3474711551
3474713599
3474714623
3474718719
3474979839
3474980863
3495238431
3495239455
3512015709
3528792988
3545570271
3547667423
3554614239
3562362135
3562363159
3579124053
3579139413
3579140437
3579141461
3579172181
3579174229
3595916693
3608417495
3608418519
3609733335
3612693975
3612694999
3615322583
3615325655
3621198807
3621246935
3621247959
3622562775
3629471003
3629487643
3629488667
3629734171
3629753883
3629754907
3630537243
3630803483
3634010651
3635063323
3646511449
3646531161
3646532185
3646552921
3663043226
3664091802
3667565210
3672087194
3675789531
3675826907
3675839451
3679787227
3679802843
3679819483
3679820507
3679821531
3679837147
3680066011
3680085723
3680086747
3680869083
3681135323
3681400539
3682183899
3684342491
3685395163
3688569051
3688606427
3688618971
3696614419
3713341781
3713357141
3713359189
3713389909
3713391957
3730169499
3742421983
3742424031
3742425055
3746896863
3746943967
3746946015
3746947039
3748994015
3749041119
3749043167
3749044191
3751469023
3755940831
3755987935
3755989983
3755991007
3786677070
3800841100
3827033115
3834475035
3835258395
3836041755
3836825115
3840154395
3852819034
3868812953
3902450219
3903498795
3920276074
3927616170
3936004778
3937053354
3938101930
3941247658
3942296234
3943961835
3944229099
3944475627
3945277675
3952000747
3952782059
3953830635
3955146475
3956791275
3957058539
3958107115
3986419062
3994807995
4003196603
4005293755
4011585535
4011851775
4019191807
4019974143
4021288959
4022337535
4025483263
4026531839
4041215759
4041480975
4042263311
4042264335
4042267407
4042529551
4059372383
4075948972
4089912319
4090960895
4091493375
4092791807
4092795903
4093058047
4093582335
4093590527
4126481247
4126497631
4126498655
4143340461
4160166911
4160183295
4160699391
4160713727
4160714751
4160716799
4160747519
4160749567
4177046027
4193888859
4196051626
4205488810
4206537386
4209683114
4210731690
4212894459
4212895483
4212915195
4224387323
4224428795
4224429819
4224449531
4225435899
4225477371
4225478395
4225498107
4227533051
4227553787
4227574523
4227575547
4227595259
4244438019
4261281111
4278124203
4279500799
4279703551
4279704575
4279966719
4279969791
4279970815
4280019967
4280020991
4280025087
4280286207
4280287231
4280753151
4281019391
4288413695
4289724415
4290772991
4291019775
4291022847
4291025919
4291032063
4291035135
4291806207
4291809279
4291812351
4291818495
4291820543
4291821567
4292287487
4292335615
4292336639
4292592639
4292595711
4292598783
4292601855
4292602879
4292603903
4292604927
4292607999
4292819967
4292867071
4292869119
4292870143
4293119999
4293385215
4293651455
4293918719
4294165503
4294166527
4294168575
4294171647
4294177791
4294180863
4294384639
4294433791
4294904831
4294908927
4294917119
4294925311
4294932479
4294934527
4294951935
4294955007
4294958079
4294964223
4294965247
4294966271
4294967295
