0
1
2
3
4
5
6
7
9
10
12
13
15
16
18
19
21
22
24
25
26
27
29
30
32
33
36
39
42
45
48
51
53
54
57
59
60
63
66
69
72
75
78
80
81
83
87
99
105
107
112
113
115
116
135
136
138
139
140
141
142
143
144
145
147
148
150
151
153
154
156
157
159
160
161
162
167
188
189
194
197
215
216
221
224
242
243
245
246
248
249
252
255
258
261
264
267
269
270
272
273
275
276
279
282
285
288
291
294
296
297
300
302
303
306
309
312
315
318
321
323
351
352
353
354
355
356
357
358
360
361
363
364
365
366
367
369
370
372
373
375
376
377
405
410
431
432
437
458
459
464
485
486
489
491
492
495
498
501
504
507
510
512
513
516
518
519
522
525
528
531
534
537
539
540
543
545
546
549
552
555
558
561
564
566
647
648
653
674
675
680
701
702
707
728
1512
1514
1518
1530
1536
1538
1593
1595
1599
1601
1611
1617
1619
1755
1757
1761
1773
1779
1781
1862
2190
2192
2208
2217
2219
2235
2271
2273
2289
2300
2433
2435
2451
2460
2462
2478
2541
2543
2559
2561
2916
3028
3029
3031
3168
3177
3280
3281
3283
3289
3292
3293
3645
3648
3650
3651
3654
3657
3660
3663
3666
3669
3671
3672
3675
3677
3678
3681
3684
3687
3690
3693
3696
3698
3699
3702
3704
3705
3708
3711
3714
3717
3720
3723
3725
3780
3781
3783
3784
3785
3786
3787
3789
3790
3792
3793
3795
3796
3798
3799
3801
3802
3804
3805
3806
3812
3833
3839
3860
3866
3887
3888
3891
3893
3894
3897
3900
3903
3906
3909
3912
3914
3915
3918
3920
3921
3924
3927
3930
3933
3936
3939
3941
3942
3945
3947
3948
3951
3954
3957
3960
3963
3966
3968
3996
3997
3999
4000
4001
4002
4003
4005
4006
4008
4009
4011
4012
4014
4015
4017
4018
4019
4020
4021
4022
4036
4037
4039
4045
4046
4048
4049
4055
4069
4076
4082
4100
4103
4109
4127
4130
4131
4134
4136
4137
4140
4143
4146
4149
4152
4155
4157
4158
4161
4163
4164
4167
4170
4173
4176
4179
4182
4184
4185
4188
4190
4191
4194
4197
4200
4203
4206
4209
4211
4289
4298
4319
4325
4343
4346
4352
4370
4373
5832
5975
6029
6056
6093
6209
6290
6317
6336
6479
6533
6560
6673
6674
6676
6697
6700
6701
6703
6706
6709
6712
6715
6718
6721
6722
6913
6916
6917
6919
6922
6925
6926
6928
6931
6934
6937
6938
7289
7381
7387
7402
7403
7405
7426
7429
7430
7432
7435
7438
7441
7444
7447
7450
7451
7642
7645
7646
7648
7651
7654
7655
7657
7660
7663
7666
7667
7927
8018
8155
8158
8159
8161
8164
8167
8170
8173
8176
8179
8180
8371
8374
8375
8377
8380
8383
8386
8389
8392
8395
8396
8410
8411
8413
8419
8422
8423
8747
8860
8861
8863
8884
8887
8888
8890
8893
8896
8899
8902
8905
8908
8909
9100
9103
9104
9106
9109
9112
9113
9115
9118
9121
9124
9125
9476
9571
9589
9590
9592
9613
9616
9617
9619
9622
9625
9628
9631
9634
9637
9638
9828
9829
9831
9832
9833
9834
9835
9837
9838
9840
9841
9842
9843
9844
9846
9847
9849
9850
9852
9853
9854
10111
10205
10342
10345
10346
10348
10351
10354
10357
10360
10363
10366
10367
10558
10561
10562
10564
10567
10570
10573
10576
10579
10582
10583
10597
10598
10600
10606
10609
10610
10934
11071
11074
11075
11077
11080
11083
11086
11089
11092
11095
11096
11287
11290
11291
11293
11296
11299
11302
11305
11308
11311
11312
11453
11663
11800
11803
11804
11806
11809
11812
11815
11818
11821
11824
11825
12016
12019
12020
12022
12025
12028
12031
12034
12037
12040
12041
12301
12392
12529
12532
12533
12535
12538
12541
12544
12547
12550
12553
12554
12745
12748
12749
12751
12754
12757
12760
12763
12766
12769
12770
13121
13262
13265
13283
13289
13310
13316
13319
13337
13343
13346
13364
13478
13486
13499
13532
13553
13559
13580
13586
13607
13769
13775
13796
13802
13823
13829
13850
13991
14001
14012
14018
14039
14045
14066
14072
14093
14207
14215
14228
14261
14282
14288
14309
14315
14336
14504
14525
14531
14552
14558
14579
14720
14723
14741
14747
14768
14774
14777
14795
14801
14804
14822
14936
14944
14957
14990
15011
15017
15038
15044
15065
15227
15233
15254
15260
15281
15287
15308
15449
15470
15476
15497
15503
15524
15530
15551
15665
15673
15683
15686
15719
15740
15746
15764
15767
15773
15791
15794
15953
15962
15983
15989
16007
16010
16016
16034
16037
16178
16199
16205
16226
16232
16253
16259
16280
16394
16402
16415
16448
16469
16475
16496
16502
16523
16691
16712
16718
16739
16745
16766
16907
16928
16934
16955
16961
16982
16988
17009
17123
17131
17141
17144
17177
17198
17204
17222
17225
17231
17249
17252
17411
17420
17441
17447
17465
17468
17474
17492
17495
17636
17639
17657
17663
17684
17690
17693
17711
17717
17720
17738
17852
17860
17873
17906
17927
17933
17954
17960
17981
18143
18146
18149
18170
18173
18176
18185
18197
18203
18224
18365
18386
18392
18413
18419
18440
18446
18467
18581
18589
18602
18635
18656
18662
18683
18689
18710
18878
18899
18905
18914
18926
18932
18953
18980
19007
19034
19094
19097
19115
19121
19142
19148
19151
19169
19175
19178
19196
19223
19250
19277
19310
19318
19331
19364
19385
19391
19412
19418
19439
19466
19493
19520
19601
19607
19628
19634
19655
19658
19661
19670
19682
