0
1
2
5
6
7
8
26
27
28
29
32
33
35
81
82
83
87
89
107
108
109
110
112
113
114
116
135
140
141
142
143
161
162
164
168
170
188
189
194
196
224
351
352
353
356
362
363
364
365
377
566
593
647
728
1514
1526
1536
1538
1595
1601
1617
1619
1838
1850
1862
1943
2024
2105
2186
2271
2273
2291
2300
2460
2462
2541
2543
2550
2551
2552
2560
2561
2811
2831
3028
3029
3032
3140
3168
3279
3280
3281
3289
3290
3293
3785
3806
3968
4001
4009
4017
4018
4019
4022
4037
4046
4048
4049
4069
4100
4130
4289
4373
5299
5421
5480
5560
5944
5948
5975
6056
6209
6236
6317
6336
6398
6479
6560
6673
6674
6813
6822
6842
7065
7381
7570
7576
7732
7738
8180
8327
8342
8593
8747
9104
9111
9112
9113
9121
9122
9833
9840
9841
9842
9849
9850
9851
9854
10586
10598
10609
10610
11453
11950
12112
12301
12770
12797
12878
13040
13121
13265
13346
13374
13383
13626
13713
14001
14741
14984
15065
15146
15227
15308
15509
15665
15673
15681
15897
16402
16403
16411
16412
16415
16871
17141
17222
17411
18146
18168
18169
18195
18196
18914
18924
18925
19115
19277
19331
19358
19439
19520
19601
19682
