0
1
2
3
4
5
6
8
26
27
28
29
30
31
32
33
54
56
57
60
62
80
81
82
83
84
85
87
107
108
109
111
112
113
116
135
140
141
142
143
161
162
164
168
170
188
194
216
218
222
224
242
351
352
353
354
355
356
360
361
363
364
365
377
512
566
647
674
728
1514
1520
1536
1537
1538
1595
1601
1617
1618
1619
1676
1682
1698
1700
1860
1861
1862
1968
2024
2130
2186
2271
2272
2273
2298
2299
2300
2460
2461
2462
2466
2467
2480
2541
2542
2543
2550
2551
2561
2622
2624
2642
3000
3001
3027
3028
3029
3162
3163
3168
3169
3177
3270
3271
3279
3280
3281
3289
3293
3420
3447
3474
3785
3804
3805
3806
3897
3906
3909
3912
3920
3933
3936
3938
3939
3960
3963
3966
3967
3968
4001
4009
4017
4018
4019
4022
4037
4046
4047
4048
4049
4069
4082
4098
4100
4130
4149
4289
4373
5888
5894
5904
5912
5975
6050
6056
6066
6074
6084
6087
6090
6093
6209
6317
6336
6398
6479
6498
6560
6672
6673
6674
6677
6678
6679
6701
6703
6704
6712
6721
6755
6785
7374
7375
7380
7381
7387
7432
7435
7441
7450
7912
7921
7927
7930
8161
8170
8178
8179
8180
9102
9103
9104
9111
9112
9113
9121
9831
9832
9833
9840
9841
9842
9850
9851
9854
10561
10570
10571
10579
10580
10583
10598
10607
10608
10609
10610
10661
10691
10841
10843
10850
10853
10895
10934
11032
11453
11761
11815
12041
12067
12119
12301
12353
12490
12770
12797
12878
13040
13121
13184
13234
13235
13238
13262
13264
13265
13316
13346
13559
13616
13778
13802
14001
14528
14660
14741
14822
15065
15146
15227
15308
15503
15584
15665
15746
15989
16402
16403
16411
16412
16415
16715
17009
17060
17131
17132
17140
17141
17144
17159
17168
17170
17171
17222
17252
17402
17404
17411
17414
17456
17495
17552
17672
17690
17714
17915
17933
17984
18146
18149
18158
18173
18176
18185
18602
18628
18680
18862
18902
18905
18914
19034
19115
19196
19331
19358
19439
19520
19601
19682
