0
1
2
3
4
5
6
9
10
12
13
26
27
28
29
32
54
81
83
87
107
112
113
116
135
140
141
142
143
161
162
168
194
216
220
224
351
353
356
364
365
377
486
540
647
648
702
715
728
741
742
1514
1536
1538
1595
1601
1617
1619
1862
2271
2273
2300
2460
2462
2541
2543
2561
3028
3029
3168
3280
3281
3289
3293
3785
3806
3906
3936
3966
3968
4001
4009
4017
4018
4019
4022
4037
4046
4048
4049
4069
4100
4130
4289
4373
4914
5076
5975
6056
6209
6317
6336
6479
6560
6673
6674
6703
7381
7441
8179
8180
9104
9111
9112
9113
9477
9490
9503
9801
9802
9828
9829
9831
9832
9833
9837
9838
9840
9841
9842
9850
9854
10179
10192
10196
10205
10286
10570
10598
10609
10610
10934
11453
12028
12301
12392
12757
12878
13000
13121
13265
13316
13346
14001
14741
15146
15227
15308
15665
15746
16402
16411
16757
16766
17121
17131
17141
17222
17411
17495
18146
18176
18589
18914
18953
18954
18967
18974
18980
19034
19115
19136
19142
19196
19305
19318
19331
19439
19466
19520
19561
19601
19628
19656
19669
19682
