0
1
2
3
4
5
26
29
32
54
55
56
57
59
81
82
83
84
85
86
87
107
112
113
116
135
137
138
140
141
142
143
161
162
164
165
194
216
218
220
224
351
353
356
364
365
377
392
476
616
644
647
715
728
782
1514
1536
1538
1595
1601
1617
1619
1676
1811
1862
2271
2272
2273
2294
2300
2460
2462
2541
2543
2561
3002
3027
3028
3029
3050
3168
3270
3271
3272
3279
3280
3281
3289
3293
3785
3806
3887
3968
4000
4001
4009
4010
4017
4018
4019
4022
4037
4046
4048
4049
4069
4100
4130
4173
4280
4289
4292
4360
4373
4731
5894
5912
5969
5975
5993
6056
6074
6191
6209
6317
6336
6398
6479
6560
6673
6674
7381
8180
9098
9104
9113
9477
9482
9490
9503
9544
9652
9706
9831
9832
9833
9840
9841
9842
9854
10030
10192
10206
10286
10561
10562
10569
10570
10571
10598
10609
10610
10850
10853
10934
11089
11453
12301
12393
12635
13040
13121
13265
13346
14001
14261
14741
14951
15227
15665
16038
16393
16402
16403
16767
16928
17009
17121
17131
17132
17141
17159
17222
17333
17411
17414
17495
18146
18914
18954
19034
19089
19115
19196
19305
19331
19520
19601
19656
19657
19659
19660
19668
19669
19682
