0
1
2
3
5
6
24
26
27
28
29
30
32
33
35
54
55
57
60
78
81
83
87
88
105
107
112
113
114
115
116
135
139
140
141
142
143
159
161
162
165
168
191
194
197
221
224
252
261
264
267
270
272
273
275
288
290
291
293
294
296
315
318
321
348
349
351
353
356
364
365
375
376
377
391
402
403
452
455
458
504
647
725
728
729
730
732
735
756
757
759
762
783
784
786
789
816
817
843
844
870
871
990
993
996
1017
1020
1023
1044
1047
1050
1077
1078
1104
1105
1131
1132
1458
1459
1461
1464
1482
1485
1486
1488
1491
1512
1513
1514
1515
1517
1518
1520
1536
1538
1539
1545
1546
1563
1572
1573
1593
1595
1599
1600
1601
1617
1619
1676
1679
1682
1719
1722
1725
1728
1731
1746
1749
1752
1773
1775
1776
1778
1779
1781
1806
1807
1809
1833
1834
1860
1861
1862
1937
1940
1943
2187
2189
2190
2192
2193
2211
2213
2214
2216
2217
2219
2220
2222
2241
2244
2247
2265
2271
2272
2273
2298
2299
2300
2325
2326
2349
2352
2355
2378
2381
2384
2448
2451
2454
2457
2459
2460
2462
2475
2477
2478
2480
2481
2483
2502
2505
2508
2532
2533
2541
2543
2559
2560
2561
2586
2587
2639
2642
2645
2916
2919
2922
2943
2946
2949
2970
2973
2976
3000
3001
3027
3028
3029
3054
3055
3168
3177
3180
3183
3204
3207
3210
3231
3234
3237
3261
3262
3280
3281
3288
3289
3292
3293
3307
3315
3316
3319
3645
3648
3651
3669
3672
3675
3678
3699
3701
3702
3704
3705
3707
3723
3725
3729
3730
3756
3757
3783
3784
3785
3806
3863
3866
3869
3897
3906
3909
3912
3915
3918
3933
3936
3939
3960
3962
3963
3965
3966
3968
3990
3991
3999
4001
4009
4017
4018
4019
4021
4022
4036
4037
4044
4045
4046
4048
4049
4069
4100
4103
4124
4127
4130
4149
4289
4370
4373
4374
4377
4380
4401
4403
4404
4406
4407
4409
4428
4431
4434
4536
4539
4542
4565
4568
4571
4635
4638
4641
4662
4664
4665
4667
4668
4670
4689
4692
4695
4826
4829
4832
5103
5106
5109
5130
5133
5136
5157
5160
5163
5364
5367
5370
5391
5394
5397
5418
5421
5424
5832
5835
5838
5859
5862
5865
5886
5888
5889
5891
5892
5894
5975
6050
6053
6056
6093
6096
6099
6120
6123
6126
6147
6149
6150
6152
6153
6155
6209
6287
6290
6311
6314
6317
6336
6479
6557
6560
6649
6658
6667
6673
6674
6676
6677
6682
6683
6685
6686
6694
6695
6700
6703
6709
6712
6721
6892
6901
6910
6916
6917
6919
6920
6925
6926
6928
6929
6937
6938
6943
6946
6952
6955
6964
7135
7144
7153
7162
7163
7171
7172
7180
7181
7189
7198
7207
7378
7381
7387
7396
7405
7414
7423
7432
7435
7441
7450
7621
7630
7639
7648
7651
7657
7666
7675
7684
7693
7864
7873
7882
7891
7900
7909
7918
7927
7936
8107
8116
8125
8134
8143
8152
8161
8162
8170
8171
8179
8180
8350
8359
8368
8377
8386
8395
8404
8405
8413
8414
8422
8423
8593
8602
8611
8620
8629
8638
8647
8648
8656
8657
8665
8666
8833
8842
8851
8860
8861
8869
8870
8878
8879
8887
8896
8905
9076
9084
9085
9094
9103
9104
9111
9112
9113
9121
9122
9130
9138
9139
9148
9319
9328
9337
9346
9347
9355
9356
9364
9365
9373
9382
9391
9562
9571
9580
9589
9590
9598
9599
9607
9610
9611
9616
9625
9634
9637
9805
9813
9814
9823
9832
9833
9840
9841
9842
9850
9853
9854
9859
9867
9868
9877
9880
10048
10057
10066
10075
10084
10093
10102
10111
10120
10291
10300
10309
10318
10327
10336
10339
10345
10346
10354
10355
10363
10364
10366
10367
10534
10542
10543
10552
10561
10569
10570
10579
10582
10588
10589
10596
10597
10598
10606
10607
10609
10610
10777
10786
10795
10804
10813
10822
10831
10832
10840
10841
10849
10850
11453
11815
12031
12301
12617
12626
12635
12860
12869
12878
13103
13112
13121
13238
13247
13256
13265
13283
13313
13316
13319
13322
13325
13328
13331
13334
13337
13343
13346
13361
13364
13481
13490
13499
13556
13559
13562
13565
13568
13571
13574
13577
13580
13724
13733
13742
13751
13769
13799
13802
13805
13808
13811
13814
13817
13820
13823
13829
13832
13847
13850
14001
14723
14732
14741
14798
14801
14804
14807
14810
14813
14816
14819
14822
14966
14975
14984
15041
15044
15047
15050
15053
15056
15059
15062
15065
15140
15143
15146
15209
15218
15227
15284
15287
15290
15293
15296
15299
15302
15305
15308
15422
15431
15440
15500
15503
15506
15509
15512
15515
15518
15521
15524
15665
15674
15683
15743
15746
15749
15752
15755
15758
15761
15764
15767
15908
15917
15926
15986
15989
15992
15995
15998
16001
16004
16007
16010
16150
16159
16168
16393
16402
16411
16636
16645
16654
16907
16916
16925
16985
16988
16991
16994
16997
17000
17003
17006
17009
17123
17141
17150
17159
17168
17204
17207
17222
17225
17228
17231
17234
17237
17240
17243
17246
17249
17252
17327
17330
17333
17393
17402
17411
17471
17474
17477
17480
17483
17486
17489
17492
17495
17687
17690
17693
17696
17699
17702
17705
17708
17711
17930
17933
17936
17939
17942
17945
17948
17951
17954
18146
18149
18170
18173
18176
18179
18182
18185
18188
18191
18194
18197
18905
18914
18926
19097
19115
19172
19175
19178
19181
19184
19187
19190
19193
19196
19313
19331
19391
19394
19409
19412
19415
19418
19421
19424
19427
19430
19433
19436
19439
19514
19517
19520
19583
19601
19658
19661
19664
19667
19670
19673
19676
19679
19682
