0
1
2
5
26
29
32
81
83
87
107
112
113
116
135
140
141
142
143
161
162
194
224
351
353
356
364
365
377
647
728
1514
1536
1538
1595
1601
1617
1619
1862
2271
2273
2300
2460
2462
2541
2543
2561
3028
3029
3168
3280
3281
3289
3293
3785
3806
3968
4001
4009
4017
4018
4019
4022
4037
4046
4048
4049
4069
4100
4130
4289
4373
5975
6056
6209
6317
6336
6479
6560
6673
6674
7381
8180
9104
9113
9833
9840
9841
9842
9854
10598
10609
10610
11453
12301
13121
13265
13346
14001
14741
15227
15665
16402
17141
17222
17411
18146
18914
19115
19331
19520
19601
19682
