0
1
2
3
4
5
11
19
23
27
32
34
43
255
256
257
260
261
262
515
523
531
539
1024
1025
1027
1028
1029
1279
1280
1281
1284
1285
2048
2049
2051
2060
2067
2303
2570
2571
2575
2587
2816
2827
2828
2830
2831
3071
3072
3332
3595
3855
6144
6147
6156
6399
6400
6682
6683
6687
6912
6924
6927
6939
6942
6943
7167
7707
7967
12288
15104
15360
43520
43521
43523
43531
43539
43547
43690
43691
43775
64511
65535
65539
65547
65555
65563
65795
65815
65819
66051
66059
66067
66071
66075
66091
67099
67587
67603
68107
68123
71683
71939
72219
109059
109067
109075
109083
109227
131072
131074
131104
131105
131106
131587
131611
131627
174847
264192
264195
264196
264204
264211
264215
264447
264960
264972
264975
265215
268288
268291
268300
268543
268548
268556
269056
269060
269068
269069
269071
269087
269311
277260
326655
330250
330251
330255
330267
330507
330510
330511
331275
331535
334362
334363
334367
334607
334619
334622
334623
335387
335647
786432
788492
789504
793356
798720
799744
801548
801792
830207
1048576
1048578
1048579
1048587
1048624
1048831
1049091
1049099
1050624
1050627
1050636
1050672
1050879
1051146
1051147
1051151
1051392
1051403
1051404
1051406
1051407
1051440
1051647
1051648
1052171
1052431
1056768
1056771
1056779
1056800
1056811
1056816
1057023
1060912
1063728
1092096
1092099
1092107
1092144
1092266
1092267
1092282
1092351
1110015
1113087
1114111
1114129
1114131
1114139
1114163
1114643
1114651
1116177
1116179
1116211
1116699
1122833
1122835
1122843
1122867
1157649
1157651
1157659
1157683
1157819
1245184
1245203
1245232
1245233
1245235
1245439
1247232
1247244
1247251
1247280
1247281
1247283
1247487
1253376
1253424
1253427
1253631
1253907
1253937
1253939
1288704
1288723
1288752
1288753
1288755
1288959
1315840
1315843
1315900
1316095
1316864
1316867
1316876
1316924
1317119
1317632
1317644
1317647
1317692
1317887
1320960
1320963
1321020
1321215
1371135
1381653
1381654
1381655
1381659
1381695
1381911
1381915
1382677
1382679
1382685
1382719
1382938
1382939
1382943
1383189
1383195
1383197
1383198
1383199
1383231
1383701
1383963
1384223
1387029
1387031
1387035
1387050
1387051
1387071
1391423
1392447
1513216
1513239
1513276
1513277
1513279
1513471
1514240
1514252
1514263
1514271
1514300
1514301
1514303
1514495
1518336
1518396
1518399
1518591
1572864
1572867
1572912
1573119
1573379
1579008
1579011
1579068
1579263
1581056
1581059
1581104
1581311
1582080
1582083
1582140
1582335
1583104
1583107
1583152
1583164
1583359
1616384
1616387
1616432
1616639
1638425
1638427
1638459
1638939
1644825
1644827
1645083
1647129
1647131
1647163
1648153
1648155
1649177
1649179
1649211
1681945
1681947
1681979
1703936
1704451
1710618
1710619
1712160
1712176
1713445
1714730
1714731
1714746
1714751
1747626
1747627
1747642
1747711
1769472
1769499
1769520
1769523
1769529
1769531
1769727
1776384
1776411
1776444
1776447
1776639
1777664
1777696
1777712
1777714
1777715
1777723
1777919
1778203
1778227
1778233
1778235
1779456
1779516
1779519
1779711
1779712
1779760
1779763
1779772
1779967
1780251
1780266
1780281
1780282
1780283
1780287
1780480
1780523
1780528
1780539
1780540
1780542
1780543
1780735
1780784
1781046
1781307
1781567
1781808
1784635
1785663
1812992
1813019
1813040
1813043
1813049
1813051
1813162
1813169
1813178
1813179
1813247
1828095
1829887
1830911
1835007
2031616
2033676
2038559
2039583
2039856
2042431
2043711
2043952
2045237
2046783
2047807
2075391
2093055
2096127
2097151
2097152
2097154
2097155
2097184
2097186
2097407
2163227
2228224
2228226
2228256
2228258
2365440
2365443
2365500
2365695
2431514
2431515
2496806
2562816
2562876
2562879
2563071
2631680
2631683
2631740
2631935
2697755
2697771
2763291
2763305
2763306
2763307
2763327
2829056
2829099
2829116
2829118
2829119
2829311
2895872
2962971
3029806
3096383
3145728
3147776
3148800
3158016
3161088
3189248
3211283
3213331
3219987
3254803
3276832
3342387
3344435
3351091
3385907
3414796
3480351
3481375
3545901
3611455
3619647
3735579
3744283
3746331
3779099
3811882
3866683
3875387
3877435
3878459
3881787
3910203
3932160
3935232
3944448
3947520
4013335
4079147
4135743
4139583
4142911
4143935
4144959
5570560
5570562
5570563
5570571
5570579
5570587
5570645
5570647
5570815
5571071
5571075
5571083
5571091
5571099
5571159
5572608
5572611
5572620
5572627
5572693
5572695
5572701
5572863
5573130
5573131
5573135
5573147
5573215
5573376
5573387
5573388
5573390
5573391
5573631
5573632
5574155
5574415
5576704
5576707
5576716
5576959
5577045
5577047
5577053
5577215
5577242
5577243
5577247
5577472
5577484
5577487
5577499
5577502
5577503
5577550
5577557
5577565
5577567
5577727
5578267
5578527
5583103
5585919
5590555
5592319
5592320
5592323
5592343
5592347
5592405
5592406
5592407
5592411
5592575
5592579
5592599
5592603
5592663
5592667
5593344
5593347
5593356
5593367
5593429
5593431
5593437
5593599
5593615
5593627
5593690
5593691
5593695
5593941
5593947
5593949
5593950
5593951
5594111
5594453
5594715
5594975
5603327
5614080
5614083
5614084
5614091
5614099
5614103
5614107
5614112
5614123
5614161
5614165
5614167
5614171
5614186
5614218
5614229
5614235
5614250
5614251
5614335
5623807
5625343
5626879
5635071
5636095
10070555
10070579
10070681
10070683
10070715
10136064
10136067
10136107
10136112
10136234
10136235
10136250
10136319
10201755
10201770
10201785
10201786
10201787
10201855
11053823
11119107
11119131
11119147
11119259
11119275
11184640
11184643
11184667
11184683
11184795
11184809
11184810
11184811
11184895
11643419
12167835
12233386
12298939
12561151
14097407
14100735
14145535
14146559
14150655
14396159
14408703
14411775
14412799
14413823
14417919
14614783
14616831
14622975
14629887
14658303
14675967
14679039
14680063
14949375
15195135
15379199
15461375
15728639
15969023
16189695
16194559
16202751
16243711
16251903
16711935
16713983
16718847
16727039
16755455
16767999
16775167
16776191
16777215
50529027
50529276
50529279
50530051
50530300
50530303
50531075
50531087
50531324
50531327
50535171
50535183
50535420
50535423
50572287
50793219
50793231
50793468
50793471
50797315
50797327
50797564
50797567
51577603
51577651
51577852
51577855
51579651
51579663
51579699
51579900
51579903
51585795
51585843
51586044
51586047
51620863
51844867
51844927
51845116
51845119
51845891
51845903
51845951
51846140
51846143
51849987
51850047
51850236
51850239
52101891
52101939
52102140
52102143
52108035
52108095
52108284
52108287
52110083
52110131
52110332
52110335
52111107
52111167
52111356
52111359
52112131
52112179
52112191
52112380
52112383
52145151
52626179
52626428
52626431
52894467
52894527
52894716
52894719
53160707
53160767
53160956
53160959
56034303
56036351
56040447
56055807
56056831
56077311
60533759
61582335
134744072
134744073
134744075
134744091
134744587
134744603
134783496
134783497
134783499
134783515
134785544
134785545
134785547
134785563
134785787
134809611
134809627
134810123
134810139
134849035
134849051
134851083
134851099
135792648
135792651
135792696
135793163
135800840
135800843
135800888
135832072
135832075
135832120
135834120
135834123
135834168
135834363
135858201
135858203
135858235
135858715
135866905
135866907
135866939
135897625
135897627
135897659
135899673
135899675
135899707
135989256
135989275
135989304
135989305
135989307
135997448
135997496
135997499
135997979
135998009
135998011
136028680
136028699
136028728
136028729
136028731
136030728
136030747
136030776
136030777
136030779
136030971
137889800
137929224
137931272
137955355
137964059
137994779
137996827
138086459
138095163
138125883
138127931
140093960
140093963
140093979
140094041
140094043
140094203
148613883
150711035
168430090
168430091
168430107
168468640
168468641
168471210
168471211
168471290
168471295
169478666
169478667
169486890
169486891
169486906
169517216
169517232
169519786
169519787
169519802
169519866
169519871
169544202
169544219
169551929
169552426
169552442
169552443
169582752
169582768
169582769
169585322
169585338
169585339
169585402
169585407
173714090
173714091
173714170
173714175
174000735
174039285
174041855
185273099
185273131
185273343
185285387
185312255
185313803
185313962
185314040
185314042
185314043
185314047
185314219
185314299
185314302
185314303
185314546
185315067
185315327
185334779
185335807
186321675
186321723
186321919
186329867
186329899
186329915
186330111
186334011
186360831
186362379
186362427
186362538
186362554
186362616
186362618
186362619
186362623
186362795
186362811
186362875
186362878
186362879
186363122
186363643
186363903
186379259
186380287
186383355
186384383
190556842
190556922
190556923
190556927
190557099
190557179
190557182
190557183
190557947
190558207
190577659
190578687
252644111
252645135
252648207
252685055
252686335
252702960
252703984
252705791
252706815
253431567
253434639
253437747
253438783
253439807
253443903
253471487
253472767
253485296
253486320
253488127
253489151
253489392
253493247
253692687
253693711
253701951
253705023
253706047
253733631
253734911
253747440
253751295
253751536
253754367
253755391
257579535
257598960
257600255
257927935
257929215
257948671
257949695
269488144
269488146
269488147
269488155
269488659
269488667
269490192
269490195
269490204
269490714
269490715
269490719
269490960
269490971
269490972
269490974
269490975
269491216
269491739
269491999
269553683
269553691
269554195
269554203
269555731
269556251
269752336
269752339
269752348
269753104
269753116
269753119
269818394
269818395
269818399
269818651
269818654
269818655
269819419
269819679
272961552
272961554
272961555
272961563
272962067
272962075
272963600
272963603
272963612
272964122
272964123
272964127
272964368
272964379
272964380
272964382
272964383
272964624
272965147
272965407
274010128
274010130
274010131
274010139
274010335
274010643
274010651
274012176
274012179
274012188
274012383
274012698
274012699
274012703
274012944
274012955
274012956
274012958
274012959
274013151
274013200
274013723
274013983
274045456
274045459
274045467
274045594
274045595
274045663
274062303
274063327
286331153
286331155
286331163
286333201
286333203
286333713
286333723
286374843
286530334
286595349
286595351
286595357
286595861
286595869
286595871
289673540
289673542
289675588
289675596
289676100
289676108
289676110
289717230
290787669
290787671
290787805
290787839
290789717
290789719
290789725
290789853
290789887
290790229
290790237
290790239
290790365
290790399
290822485
290822487
290822621
290822655
290831359
320017171
320017175
320017407
320019219
320019231
320019455
320281363
320281367
320281375
320281599
320803603
320805663
323425279
323427327
324342547
324342613
324342748
324342749
324342751
324342783
324344595
324344607
324344661
324344669
324344796
324344797
324344799
324344831
324377429
324377565
324377567
324377599
324473687
324473823
324473853
324473855
324475735
324475743
324475871
324475901
324475903
324508503
324508639
324508669
324508671
326374349
326376397
326439903
326441951
326474719
326571007
326573055
326605823
332864479
333386719
333388767
333421535
334961663
335483903
335485951
335518719
336666139
336860180
336860183
336860187
336861204
336861207
336861972
336861979
336915435
336925975
336925979
336926231
336926235
336926999
336927259
339820820
339820823
339820827
339821079
339821083
339823892
339824155
339853035
341136660
341136663
341136667
341136855
341136919
341136923
341137684
341137687
341137879
341137947
341153300
341153303
341153307
341153495
341158420
341158423
341158427
341158615
341158635
353703189
353703190
353703191
353703195
353703447
353703451
353704213
353704215
353704221
353704474
353704475
353704479
353704725
353704731
353704733
353704734
353704735
353705237
353705499
353705759
356532288
357913941
357913942
357913943
357913947
357914069
357914111
357914199
357914203
357914965
357914967
357914973
357915093
357915135
357915226
357915227
357915231
357915477
357915483
357915485
357915486
357915487
357915605
357915647
357915989
357916251
357916511
357930325
357930327
357930331
357930389
357930395
357930453
357930495
357935701
357935703
357935707
357935786
357935787
357935829
357935850
357935871
357941247
357946837
357948373
357956607
357957631
387389203
387389207
387389439
387390231
387390239
387390463
387915551
390284287
391468311
391468373
391468500
391468501
391468503
391468543
391469335
391469397
391469405
391469524
391469525
391469527
391469567
391484757
391484885
391484887
391484927
391484951
391485140
391485143
391490071
391490133
391490260
391490261
391490263
391490303
391599959
391600087
391600125
391600127
391600983
391600991
391601111
391601149
391601151
391616343
391616471
391616509
391616511
391621631
394034369
394100183
394116567
394231807
394248191
400021463
400022487
402127871
402653183
404232216
404232219
404232472
404232731
404269592
404269595
404297755
404298011
404298267
404335131
404363288
404363803
407480856
407480859
408229912
408229915
408230427
408245528
408245531
408245723
408245787
408261144
408261147
408262168
408262171
408262363
408263192
408263195
408263387
408267288
408267291
408267483
408508696
408508699
408508891
408508955
408525336
408525339
408525531
408528408
408528411
408528603
408529432
408529435
408529627
409044504
409044507
409311768
409311771
409311963
409578008
409578011
409578203
412719643
412785176
412785179
412785371
413772315
413837848
413837851
413838043
421074969
421075225
421075227
421075483
421112345
421112347
421141018
424192584
425007445
425007447
425007581
425007615
425022805
425022807
425022933
425022975
425023063
425038165
425038167
425038301
425038335
425039189
425039191
425039317
425039359
425040213
425040215
425040341
425040349
425040383
425044565
425044567
425044693
425044735
425285977
425285979
425286105
425286235
425302361
425302363
425302489
425305689
425305691
425305817
425306713
425306715
425306841
425306875
425886818
426154342
426154470
426420842
426420970
429496729
429496731
430549675
430615210
437787162
437852441
437852699
437918234
437918235
437955242
437955243
437955322
437955327
441100970
441100971
441101050
441101055
441784858
441784859
441800021
441800279
441815184
441816469
441816533
441817754
441817755
441817818
441817823
441821866
441821867
441821930
441821951
442128986
442128987
442145434
442145435
442145498
442148261
442148325
442149546
442149547
442149610
442149626
442149631
442533253
442866330
442866331
442866394
443198122
443198123
443198186
443198207
446274203
446339738
446339739
446339802
447326891
447392426
447392427
447392490
447392511
454761243
454761471
454797851
454797994
454798074
454798075
454798079
454798251
454798331
454798334
454798335
454799099
454799359
454799793
454802363
454812900
454814699
454818811
454819839
457943722
457943802
457943803
457943807
457943979
457944059
457944062
457944063
457944827
457945087
457948139
457964539
457965567
458103630
458116635
458140415
458142180
458142945
458144750
458145515
458562331
458562389
458562525
458562527
458562559
458577179
458577237
458577365
458577367
458577368
458577371
458577407
458593109
458593245
458593247
458593279
458593621
458593685
458593749
458593750
458593751
458593755
458593791
458593819
458594007
458594008
458594011
458594645
458594773
458594775
458594781
458594815
458594843
458594970
458595032
458595034
458595035
458595039
458595157
458595227
458595285
458595291
458595293
458595294
458595295
458595327
458595538
458595797
458596059
458596319
458598939
458598997
458599082
458599125
458599127
458599128
458599131
458599140
458599146
458599147
458599167
458600959
458603519
458604543
458610133
458611675
458612703
458620927
458693463
458693599
458693629
458693631
458708823
458708951
458708989
458708991
458724183
458724319
458724349
458724351
458725207
458725335
458725373
458725375
458726231
458726359
458726367
458726397
458726399
458730495
458840347
458840409
458840536
458840537
458840539
458856793
458856921
458856923
458856987
458857176
458857179
458860059
458860121
458860248
458860249
458860251
458861083
458861145
458861272
458861273
458861275
458861307
458906139
458906202
458922456
458922650
458922714
458922715
458925477
458925540
458925541
458926762
458926826
458926827
458926842
458926847
458971995
458972123
458972159
458988379
458988443
458988507
458988543
458991615
458992219
458992298
458992347
458992362
458992377
458992378
458992379
458992383
458992555
458992619
458992635
458992638
458992639
458993142
458993403
458993663
458996731
458997759
459004891
459013115
459014143
459217759
459235167
459248599
459250655
459251679
459254527
459255807
459256309
459257333
459258879
459259903
459268063
459273717
459276287
459507711
459643419
459643546
459643608
459643610
459643611
459708774
459708900
459708902
459774975
459909659
459909848
459909851
459909867
459975274
459975338
459975387
459975401
459975402
459975403
459975423
460041131
460041195
460041214
460041215
460108230
460175067
460241902
460308479
460492260
460659679
460690399
460692447
460693471
460709855
460757997
460790783
460821503
460823551
460831743
460892873
460958427
461023978
461089531
461090555
461093883
461110267
461209047
461222359
461225431
461291243
461340671
461347839
461351679
461355007
461356031
461357055
461373439
463051035
463051161
463116827
463116954
463117016
463117018
463117019
463182747
463182811
463182847
464169499
464169642
464169688
464169691
464169706
464169707
464169727
464235435
464235499
464235518
464235519
464630043
465288123
465485547
465551359
467082199
467130327
467377115
467380955
467393499
467606495
467637215
467639263
467640287
467656671
467934180
468364010
468446187
468630510
469478139
469479163
469482491
469498875
469703679
469734399
469736447
469740287
469744639
469745663
469762047
521346847
521606935
521607967
522132255
522133279
522169087
522170367
522189823
522190847
525314815
525316095
525335551
525336575
525671199
525672223
525686101
525687133
525702613
525703903
525705183
525708031
525713407
525717712
525718997
525720543
525721567
525728767
525729791
526343007
526344031
526360543
526363391
526364671
526366197
526368767
526375903
526376927
526382581
526384127
526385151
527484357
527802335
527817695
527818719
528460543
528465919
528481279
528482303
534240223
534749151
534764511
534765535
536345599
536849151
536854527
536869887
536870911
672671784
672671787
672737819
672803371
672868379
672868392
673720347
673720360
673720363
673786395
673786411
673851931
673851947
674826779
676702747
676702760
676702763
676702935
676702955
678013467
678013480
678013483
678013675
679314135
679576091
679576107
679641627
679641640
679641643
681159195
681224744
681224747
681224939
682207771
682207787
682273307
682273320
682273323
682273515
682721819
682787368
685189335
706292249
706292251
706292283
706357802
706357803
706357818
706423323
706423338
706423353
706423354
706423355
707340827
707340843
707406363
707406377
707406378
707406379
708389403
708454954
708520507
710257237
710257239
710257307
710257322
710257323
710257365
710257386
710257407
711633499
711633514
711633563
711633578
711633579
711633642
711633663
713009919
713064576
714713753
714713755
714713787
714779306
714779307
714779322
714779370
714779391
714844827
714844842
714844857
714844858
714844859
714844906
714844927
715762331
715762347
715827867
715827881
715827882
715827883
715827946
715827967
716810907
716876458
716942011
719039210
719301375
720022250
721398527
723200811
723200827
723201023
724249355
724249387
724249599
725302075
727034411
727034538
727034600
727034602
727034603
727034623
727165951
728345131
728345320
728345323
728410794
728410858
728410859
728410879
728476587
728476651
728476670
728476671
729726699
729792511
730039295
731556395
731556522
731556538
731556584
731556586
731556587
731556607
731622315
731622331
731622379
731622398
731622399
732604971
732605098
732605160
732605162
732605163
732605183
732670891
732670955
732670974
732670975
733789378
733921003
733986815
735833067
736096255
736881643
738197503
856896307
856898355
857152319
857414451
857420595
857684799
858200847
858987315
858993459
858995507
859249471
859257663
859773759
859781951
861215743
861221887
861223935
861247999
861256703
862362060
863443967
863450111
863452159
863484927
865704243
868490188
868498380
869014476
869020620
869022668
869735423
870265855
870267903
870300671
870587340
871117772
871832575
871840767
872356863
872363007
872365055
872397823
991636283
991640379
991668795
992684843
993725243
993737531
993765947
995441663
995470079
995472383
995474431
995475455
995491839
995732219
996846314
997112814
997669887
997700607
997702655
997960443
997961467
997964795
997981179
998222591
998226943
998227967
998244351
999991994
1000061883
1001040554
1002159035
1003006664
1004251899
1004252923
1004256251
1004268539
1004272635
1004485631
1004514047
1004516351
1004518399
1004519423
1004531711
1004535807
1004702946
1005234922
1005501422
1006349051
1006350075
1006353403
1006369787
1006582783
1006611199
1006613503
1006615551
1006616575
1006632959
1058477887
1058478911
1058483007
1058741055
1058744127
1058745151
1058746175
1058750271
1059008319
1059011391
1059012415
1059527487
1059793727
1060060991
1060576063
1060584255
1061100351
1061107519
1061108543
1061109567
1062557183
1062558207
1062573567
1062578943
1062584319
1062591487
1062599679
1062600703
1063955199
1065311231
1065320447
1065331455
1065336831
1065343999
1065352191
1065353215
1067100927
1067171839
1068149503
1069531135
1069596864
1071110143
1071111167
1071115263
1071360767
1071366143
1071373311
1071376383
1071377407
1071378431
1071382527
1071622911
1071628287
1071640575
1071643647
1071644671
1072159743
1072425983
1072693247
1073208319
1073216511
1073720063
1073725439
1073732607
1073739775
1073740799
1073741823
1075123477
1075123478
1075123479
1075123483
1075123735
1075123739
1075124501
1075124503
1075124509
1075124762
1075124763
1075124767
1075125013
1075125019
1075125021
1075125022
1075125023
1075125525
1075125787
1075126047
1091834945
1091834946
1091835969
1091835981
1091836737
1091836749
1091836750
1091890110
1125586943
1125587967
1141982225
1141982227
1141982235
1141982739
1141982747
1141984273
1141984795
1142025915
1158694213
1192445951
1209641497
1209641499
1226353225
1243261610
1243261611
1243261690
1243261695
1260104362
1260104442
1260104443
1260104447
1260104619
1260104699
1260104702
1260104703
1260105467
1260105727
1260121019
1260125179
1260126207
1310399310
1310412315
1310436095
1310450100
1310450865
1310452670
1310453435
1327475455
1327476735
1327496191
1327497215
1347754522
1347754523
1347754527
1347754779
1347754782
1347754783
1347754847
1347755547
1347755807
1347770907
1347770970
1347770971
1347770975
1347771227
1347771230
1347771231
1347771995
1347772255
1364531281
1364531293
1364531541
1364531543
1364531549
1364531711
1364531999
1364532049
1364532053
1364532060
1364532061
1364532063
1364532223
1364547859
1364547863
1364547921
1364547925
1364547927
1364547933
1364548095
1364548437
1364548445
1364548447
1364548607
1364581213
1364589567
1398217559
1398217567
1398217725
1398217727
1398233943
1398233951
1398234109
1398234111
1414862935
1414863191
1414863387
1414877723
1414878227
1414878235
1414878295
1414878487
1414878491
1414878551
1414878555
1414878739
1414878743
1414878747
1414878807
1414878811
1414878875
1414879511
1414879575
1414879771
1414879835
1414900247
1414900251
1414900311
1414900315
1414900395
1431640149
1431640405
1431640407
1431640413
1431640575
1431640602
1431640603
1431640607
1431640859
1431640862
1431640863
1431640917
1431640925
1431640927
1431641087
1431641627
1431641887
1431654480
1431654481
1431654484
1431654485
1431654736
1431654737
1431654740
1431654741
1431654743
1431654911
1431655504
1431655505
1431655506
1431655508
1431655509
1431655699
1431655703
1431655707
1431655760
1431655761
1431655764
1431655765
1431655766
1431655767
1431655771
1431655829
1431655830
1431655835
1431655935
1431655959
1431655963
1431656023
1431656027
1431656727
1431656788
1431656789
1431656791
1431656797
1431656959
1431656987
1431657050
1431657051
1431657055
1431657301
1431657307
1431657309
1431657310
1431657311
1431657471
1431657553
1431657813
1431658075
1431658335
1431677463
1431677467
1431677524
1431677525
1431677527
1431677531
1431677610
1431677611
1431677695
1431688533
1431690069
1431690581
1431698431
1431699455
1448432981
1448432982
1448433044
1448433045
1448433046
1448433179
1448433239
1448433307
1448454911
1465326423
1465326431
1465326589
1465326591
1465340759
1465340925
1465340927
1465341783
1465341949
1465341951
1465342807
1465342815
1465342973
1465342975
1465363455
1482250523
1482250587
1482250779
1482250843
1482270235
1482270299
1482271259
1482271323
1499027739
1499027800
1499027801
1499027803
1499027995
1499028059
1499047451
1499047512
1499047513
1499047515
1499048475
1499048536
1499048537
1499048539
1499048699
1515870747
1515870810
1515870811
1515890084
1515890085
1515891370
1515891371
1515891450
1515891455
1532713819
1532713883
1532713983
1532733439
1532734043
1532734122
1532734201
1532734202
1532734203
1532734207
1532734379
1532734459
1532734462
1532734463
1532734966
1532735227
1532735487
1532746587
1532754939
1532755967
1565858653
1565873493
1565874525
1565875541
1565895423
1565905237
1565906261
1565907805
1565908309
1600068447
1600084831
1600085855
1600105215
1600106495
1600123381
1600124405
1600125951
1600126975
1619335706
1619335707
1636178017
1652824452
1669798911
1687774747
1687774875
1704617317
1721329179
1721329305
1721329307
1738237951
1755949595
1772792425
1772792426
1772792489
1772792490
1789569641
1789569642
1789569705
1789569706
1789569707
1789569791
1806412715
1806412798
1806412799
1823589915
1840700269
1857810107
1874853887
1891965727
1891966751
1909922685
1909971837
1927551885
1945574399
1959621651
1977578869
1995273883
2013231103
2013233151
2013263871
2013265919
2026482203
2044439161
2062199466
2080090875
2080091899
2080111611
2093072663
2111249277
2111297405
2111298429
2129390526
2147448831
2147450879
2147461887
2147481599
2147482623
2147483647
2149132825
2149132827
2149132859
2149198378
2149198379
2149198394
2149263899
2149263914
2149263929
2149263930
2149263931
2150181403
2150181419
2150246939
2150246953
2150246954
2150246955
2151229979
2151295530
2151361083
2182621314
2182621362
2182817922
2182817969
2182817970
2183669889
2183669890
2195138685
2199596031
2200644607
2216256025
2216256027
2233098336
2249744774
2266719231
2283383321
2283383323
2283383355
2283514395
2283514425
2283514427
2283514555
2285480475
2285611579
2291771931
2291772057
2291772059
2291772091
2291903131
2291903161
2291903163
2293869211
2294000315
2316872330
2316872378
2317003434
2317003435
2317003450
2317003519
2317068859
2317068938
2317068970
2317068984
2317068986
2317068987
2317069055
2325391883
2325391915
2325392010
2325392042
2325392043
2325392058
2325392127
2325457578
2325457594
2325457595
2325457663
2329651898
2329914111
2333846443
2333846459
2333846526
2333846527
2342235051
2342235067
2342235134
2342235135
2350637627
2352734779
2367415410
2384194494
2396777406
2400972799
2421496346
2421496347
2438273365
2438273367
2438273501
2438273535
2455050386
2471828309
2471828445
2471828447
2471828479
2471959383
2471959519
2471959549
2471959551
2473925599
2474056703
2480347999
2480872415
2482969599
2488620571
2505397589
2505397590
2505397591
2505397653
2505397654
2505397759
2522174805
2522174806
2522174869
2522174870
2539083607
2539083773
2539083775
2555746843
2555746971
2556795419
2556795547
2560203291
2560203419
2560268827
2560268955
2572523861
2572523863
2572523997
2572524031
2573637988
2573637990
2576980251
2576980377
2576980379
2589301275
2589301400
2589301402
2589301403
2589301471
2590349851
2590349976
2590349978
2590349979
2593757723
2593757851
2593823259
2593823384
2593823386
2593823387
2606078805
2606078875
2606078941
2606078942
2606078943
2606078975
2606209879
2606210015
2606210045
2606210047
2607258623
2608176095
2608241645
2608307199
2610666331
2610666395
2610666495
2614860699
2615122911
2617220095
2622870043
2639648085
2656426910
2673205215
2675302367
2682249183
2694842890
2694842891
2694842907
2694908427
2694908443
2695891466
2695957019
2700413535
2728528034
2745371647
2762299931
2762299995
2779077147
2779077210
2779077211
2795919782
2812763135
2820188843
2820254235
2820319915
2824186395
2824186411
2824186455
2824186523
2824186539
2827594267
2828642843
2828642971
2828708395
2828708523
2829625867
2829625883
2829626027
2829691403
2829691419
2829691435
2829691483
2829691547
2829691563
2829756955
2829756971
2829757083
2829757099
2840963839
2846468635
2846468699
2846468779
2846534248
2846534249
2846534250
2846534313
2846534314
2853743274
2853808665
2853808667
2853808699
2853874346
2853874347
2853874362
2853874431
2853939739
2853939769
2853939771
2853939882
2853939898
2853939899
2853939967
2855905819
2856036923
2857740827
2857740843
2857740885
2857740887
2857740955
2857740968
2857740970
2857740971
2857741055
2861083272
2861083274
2861083304
2861083306
2861214344
2861214346
2861214376
2861214378
2861214379
2861214463
2862197275
2862197401
2862197403
2862197435
2862262827
2862262952
2862262954
2862262955
2862262970
2862263039
2862328475
2862328490
2862328505
2862328506
2862328507
2862328575
2863180424
2863180425
2863180426
2863180456
2863180458
2863245851
2863245867
2863245979
2863245995
2863311371
2863311387
2863311403
2863311451
2863311465
2863311466
2863311496
2863311498
2863311515
2863311528
2863311529
2863311530
2863311531
2863311615
2864229002
2864294555
2864360106
2864425659
2866522794
2866785023
2867505834
2868554410
2868882175
2870717355
2870717371
2870717438
2870717439
2874649599
2878057387
2878057470
2878057471
2879105963
2879105979
2879106046
2879106047
2880154539
2880154622
2880154623
2897015307
2913859163
2930703278
2947547135
2948595711
2951741439
2952790015
2971343793
2975144959
2981174043
2982550380
2983664509
2984516430
2985630559
3008707583
3010935807
3017751551
3019848703
3034664475
3052756831
3067833782
3086974975
3122375354
3126176511
3130698426
3131746986
3132795562
3133844138
3134958266
3135941290
3136989866
3139156923
3142958079
3145186303
3147545531
3149642683
3150887918
3152002047
3152985070
3154099199
3166880299
3185039229
3189500862
3202083774
3203132350
3210084351
3215982591
3217031167
3219128319
3220176895
3221225471
3222738751
3222739775
3222743871
3223001919
3223004991
3223006015
3223007039
3223011135
3223269183
3223272255
3223273279
3223788351
3224054591
3224321855
3224836927
3224845119
3225361215
3225368383
3225369407
3225370431
3239516028
3239517052
3256560572
3257609148
3273070591
3273071615
3273075711
3273333759
3273336831
3273337855
3273387007
3274120191
3274386431
3285654527
3285702655
3285703679
3285707775
3285965823
3285968895
3285969919
3286752255
3287018495
3307171952
3323686065
3357256251
3359353403
3374033528
3390810810
3407588091
3407589115
3407604731
3407608827
3420171003
3420172027
3420187643
3420191739
3423849523
3423857715
3424373811
3424379955
3424382003
3425944627
3425946675
3432605235
3440627060
3457937083
3466325691
3474182143
3474190335
3474664447
3474696959
3474706431
3474711551
3474713599
3474714623
3474718719
3474959103
3474976767
3474979839
3474980863
3483020031
3483103231
3487279871
3487296511
3487297535
3487301631
3487501311
3487513599
3487542015
3487551487
3487559679
3487562751
3487563775
3495238431
3495239455
3512015709
3528792988
3545570271
3545619423
3547667423
3547716575
3554089951
3554139103
3554614239
3554663391
3562362135
3562363159
3562378775
3562383895
3579139413
3579140437
3579141461
3579161173
3579172181
3579174229
3595916693
3612693975
3612694999
3612710615
3612715735
3615322583
3615325655
3621198807
3621246935
3621247959
3629471003
3629487643
3629488667
3629492763
3629734171
3629750811
3629753883
3629754907
3630537243
3630803483
3633928731
3634010651
3635063323
3646511449
3646531161
3646532185
3663043226
3664091802
3667565210
3679802843
3679819483
3679820507
3679821531
3679824603
3679837147
3680066011
3680082651
3680085723
3680086747
3680869083
3681135323
3681400539
3682183899
3684342491
3684424667
3685395163
3688586203
3688606427
3688618971
3696614419
3713357141
3713359189
3713389909
3713391957
3730169499
3746896863
3746929375
3746943967
3746946015
3746947039
3748994015
3749041119
3749043167
3749044191
3755416543
3755465695
3755940831
3755987935
3755989983
3755991007
3786677070
3800841100
3827033115
3830819355
3834475035
3835258395
3836041755
3836825115
3840154395
3852819034
3868812953
3897928235
3899238955
3902450219
3903498795
3920276074
3931482794
3936004778
3937053354
3938101930
3941247658
3942296234
3944475627
3948260075
3949570795
3952000747
3952782059
3953830635
3955146475
3957058539
3958107115
3986419062
3994807995
4003196603
4005293755
4011585535
4015368959
4019191807
4019974143
4021288959
4022337535
4024430591
4025483263
4026531839
4037368335
4041215759
4041480975
4042263311
4042264335
4042267407
4042525455
4042529551
4059372383
4059388767
4075948972
4078173183
4078377983
4078959615
4082441215
4082449407
4082457087
4082490367
4082498559
4089912319
4090960895
4091010047
4091493375
4091542527
4092791807
4092795903
4092853247
4093053951
4093058047
4093066239
4093074431
4093107199
4093115391
4093582335
4093590527
4093631487
4093639679
4126481247
4126497631
4126498655
4143340461
4149586687
4160166911
4160183295
4160224255
4160713727
4160714751
4160716799
4160747519
4160749567
4177046027
4193888859
4205488810
4206537386
4209683114
4210731690
4212894459
4212895483
4212911099
4212915195
4216957691
4224428795
4224429819
4224449531
4225477371
4225478395
4225494011
4225498107
4227574523
4227575547
4227595259
4244438019
4261281111
4278124203
4279500799
4279703551
4279704575
4279708671
4279966719
4279969791
4279970815
4280003327
4280019967
4280020991
4280025087
4280265471
4280283135
4280286207
4280287231
4280753151
4281019391
4283767807
4283775999
4283782655
4283783679
4283804415
4283816959
4283823103
4283825151
4283826175
4288326399
4288413695
4289374975
4289724415
4290772991
4291019775
4291022847
4291032063
4291035135
4291799807
4291806207
4291809279
4291818495
4291820543
4291821567
4292287487
4292335615
4292336639
4292340735
4292586239
4292598783
4292601855
4292602879
4292603903
4292607999
4292819967
4292848383
4292866047
4292867071
4292869119
4292870143
4293119999
4293385215
4293651455
4293918719
4294165503
4294166527
4294168575
4294177791
4294180863
4294384639
4294392831
4294433791
4294441983
4294904831
4294908927
4294917119
4294925311
4294932479
4294934527
4294945535
4294951935
4294955007
4294958079
4294964223
4294965247
4294966271
4294967295
